Time,Value
0,2182
1,51
2,9255
3,9525
4,5098
5,2498
6,8295
7,5014
8,6554
9,7599
10,3151
11,8854
12,4271
13,200
14,4956
15,3644
16,2775
17,3673
18,4916
19,921
20,7258
21,6512
22,6993
23,9812
24,4929
25,8849
26,5312
27,5284
28,3735
29,3263
30,8107
31,207
32,3453
33,9340
34,3316
35,1378
36,2962
37,1267
38,5340
39,6797
40,4468
41,7031
42,21
43,3974
44,5340
45,7963
46,5092
47,7325
48,2086
49,284
50,9593
51,4170
52,8333
53,3936
54,6449
55,5669
56,3057
57,9443
58,4595
59,6248
60,7186
61,3010
62,1278
63,3291
64,9491
65,2944
66,5400
67,4931
68,6883
69,3578
70,681
71,1507
72,8333
73,8119
74,6452
75,227
76,6491
77,3018
78,4471
79,6965
80,3757
81,7986
82,3197
83,3450
84,3669
85,3937
86,1873
87,9517
88,2890
89,7646
90,8320
91,3519
92,6671
93,9091
94,9610
95,1457
96,5752
97,6729
98,4483
99,2395
100,2563
101,161
102,441
103,8507
104,9603
105,8086
106,5837
107,214
108,7483
109,6222
110,9178
111,38
112,4971
113,7630
114,2490
115,9199
116,9812
117,7827
118,9622
119,5554
120,1071
121,5882
122,2040
123,9236
124,5258
125,7162
126,4835
127,9241
128,8508
129,4994
130,4475
131,9761
132,8535
133,2076
134,4402
135,3596
136,7545
137,4689
138,3847
139,5583
140,8099
141,1659
142,2034
143,6668
144,8468
145,8281
146,8548
147,9041
148,6601
149,410
150,1644
151,7924
152,7107
153,8928
154,1324
155,6680
156,8120
157,1204
158,3249
159,2440
160,3250
161,6596
162,1705
163,2489
164,1747
165,9416
166,1503
167,2894
168,3227
169,8893
170,1654
171,5123
172,3980
173,4039
174,7455
175,9412
176,3848
177,5371
178,768
179,6976
180,8614
181,5794
182,2640
183,8097
184,3349
185,6550
186,2654
187,9607
188,752
189,7721
190,5476
191,6340
192,1440
193,1406
194,2332
195,1503
196,9953
197,9544
198,4921
199,9052
200,6778
201,5653
202,5813
203,7707
204,8756
205,6521
206,3944
207,3068
208,1473
209,1911
210,2831
211,2748
212,436
213,6272
214,3826
215,7455
216,3955
217,3607
218,9139
219,5196
220,6761
221,1895
222,2142
223,5505
224,3417
225,5314
226,3682
227,2573
228,1706
229,5951
230,9458
231,4303
232,450
233,1715
234,198
235,2960
236,9980
237,4932
238,9341
239,6827
240,2606
241,9586
242,8134
243,8840
244,4889
245,2727
246,5903
247,5167
248,7580
249,4876
250,7547
251,6346
252,405
253,9725
254,2290
255,4882
256,3510
257,307
258,4289
259,3442
260,2839
261,1370
262,1362
263,5521
264,2453
265,8528
266,2298
267,8720
268,6073
269,865
270,7475
271,9023
272,4265
273,2312
274,2589
275,7175
276,3761
277,3301
278,615
279,690
280,9410
281,8514
282,4993
283,6829
284,8404
285,3111
286,3898
287,725
288,9425
289,5315
290,9450
291,9672
292,642
293,5899
294,3988
295,1236
296,8223
297,2612
298,6387
299,6361
300,428
301,7183
302,9093
303,6714
304,7401
305,8524
306,2080
307,8092
308,7135
309,5114
310,1121
311,208
312,9692
313,3599
314,4032
315,4324
316,6376
317,4532
318,7116
319,9341
320,4629
321,1573
322,9295
323,758
324,1415
325,7802
326,8380
327,8366
328,8323
329,1353
330,8951
331,1148
332,6914
333,4254
334,262
335,2227
336,9420
337,8279
338,9427
339,9879
340,1030
341,5805
342,3590
343,4310
344,4194
345,9241
346,9980
347,7043
348,1866
349,9664
350,4859
351,3690
352,5495
353,7045
354,1732
355,8855
356,7887
357,8335
358,5299
359,9599
360,144
361,3714
362,9769
363,5781
364,6163
365,9972
366,3294
367,5437
368,3337
369,1805
370,4903
371,8097
372,5105
373,7237
374,8310
375,8823
376,7983
377,4984
378,6563
379,2174
380,7821
381,1336
382,6499
383,8659
384,6494
385,5260
386,5652
387,9868
388,2522
389,1406
390,4339
391,1084
392,2980
393,9828
394,9735
395,7316
396,6036
397,7809
398,8147
399,4222
400,5947
401,4542
402,3706
403,61
404,4760
405,6761
406,8585
407,8258
408,8735
409,2908
410,872
411,2902
412,1772
413,3124
414,1777
415,8808
416,7214
417,1109
418,9286
419,902
420,4319
421,3425
422,2915
423,1930
424,7465
425,3818
426,5117
427,5276
428,7501
429,993
430,2787
431,174
432,6837
433,2341
434,6227
435,3279
436,7629
437,6437
438,3898
439,9732
440,6675
441,7393
442,1133
443,9613
444,534
445,1436
446,9312
447,9855
448,8051
449,927
450,102
451,4926
452,8522
453,7245
454,9902
455,2521
456,1626
457,1776
458,2595
459,942
460,1644
461,3308
462,757
463,7741
464,121
465,698
466,6065
467,9430
468,6897
469,8497
470,1178
471,776
472,7210
473,9554
474,4226
475,6926
476,2291
477,3302
478,1395
479,6029
480,4505
481,5262
482,7225
483,6574
484,891
485,7860
486,1651
487,9592
488,2439
489,3705
490,1652
491,5853
492,3842
493,2956
494,8087
495,3366
496,6636
497,3392
498,9492
499,9836
500,5371
501,9881
502,2957
503,9553
504,9748
505,9325
506,7715
507,8967
508,3018
509,2976
510,230
511,8324
512,381
513,6566
514,6436
515,6382
516,6082
517,4182
518,6849
519,2260
520,9046
521,6472
522,6991
523,3192
524,6845
525,5325
526,6934
527,4254
528,1466
529,860
530,289
531,8898
532,3809
533,1558
534,657
535,4624
536,2305
537,7672
538,6826
539,1566
540,144
541,2684
542,6573
543,9463
544,3475
545,3327
546,5472
547,7275
548,6520
549,1705
550,7283
551,2453
552,6543
553,7232
554,790
555,8898
556,2890
557,9764
558,2707
559,4423
560,2391
561,3461
562,7501
563,2158
564,2686
565,1331
566,4515
567,8822
568,5909
569,1812
570,4077
571,8410
572,7356
573,5283
574,2115
575,6362
576,9898
577,7528
578,9717
579,3517
580,9853
581,9659
582,7733
583,9760
584,3576
585,7835
586,2355
587,6577
588,768
589,1759
590,1733
591,2540
592,4964
593,2403
594,9174
595,6683
596,5183
597,4415
598,6776
599,2143
600,8812
601,6649
602,1366
603,4708
604,7628
605,8873
606,5097
607,1259
608,5116
609,4428
610,8999
611,5362
612,47
613,9189
614,4569
615,2731
616,5728
617,7740
618,8581
619,4850
620,8975
621,7938
622,8054
623,4150
624,78
625,1536
626,3445
627,4953
628,6108
629,5432
630,1179
631,5483
632,751
633,7573
634,4705
635,3203
636,8293
637,3025
638,2132
639,4703
640,2738
641,1096
642,1460
643,6339
644,2759
645,6371
646,2493
647,5775
648,7833
649,6443
650,954
651,7442
652,5834
653,1926
654,3168
655,873
656,8595
657,7216
658,4629
659,6092
660,5427
661,143
662,5151
663,9683
664,3249
665,3516
666,4610
667,2473
668,4483
669,1365
670,4438
671,2702
672,5608
673,3878
674,2112
675,7879
676,6477
677,1714
678,1390
679,3707
680,9043
681,7670
682,7120
683,9665
684,4477
685,3736
686,9648
687,8825
688,4405
689,3831
690,4608
691,1077
692,8395
693,6039
694,9275
695,2594
696,5945
697,1777
698,3090
699,9242
700,1760
701,20
702,1291
703,6467
704,2004
705,8251
706,1834
707,1956
708,9813
709,5289
710,4396
711,6880
712,5825
713,922
714,7049
715,7756
716,3023
717,5485
718,5205
719,9512
720,3867
721,5785
722,8067
723,652
724,6757
725,3361
726,4307
727,9568
728,4602
729,9518
730,1933
731,4699
732,8624
733,2147
734,1946
735,9022
736,6379
737,652
738,7661
739,6226
740,1902
741,7692
742,9011
743,9116
744,9435
745,7728
746,5251
747,7472
748,8990
749,1518
750,9570
751,459
752,6572
753,3577
754,5374
755,5974
756,1952
757,639
758,9710
759,8643
760,3944
761,2265
762,7353
763,295
764,3355
765,9697
766,8256
767,3677
768,8975
769,8026
770,1377
771,2371
772,7824
773,8979
774,7610
775,6175
776,6774
777,8951
778,1216
779,9029
780,8109
781,6835
782,577
783,3084
784,9947
785,1474
786,8127
787,5046
788,6772
789,5972
790,7070
791,5740
792,942
793,9017
794,2281
795,9636
796,338
797,8715
798,5760
799,9738
800,9471
801,1573
802,8496
803,964
804,141
805,7199
806,2635
807,7592
808,5966
809,9199
810,9200
811,3000
812,9422
813,680
814,533
815,7108
816,1688
817,4269
818,348
819,1881
820,1569
821,3209
822,6905
823,3003
824,955
825,5637
826,1429
827,8806
828,6697
829,7974
830,5836
831,8058
832,3191
833,1478
834,9557
835,6535
836,8338
837,9612
838,2942
839,2748
840,8838
841,534
842,9080
843,7573
844,6771
845,4070
846,6318
847,261
848,8484
849,5172
850,7948
851,6069
852,8367
853,3879
854,8168
855,6262
856,4668
857,5493
858,9
859,4503
860,5770
861,3828
862,895
863,7991
864,3363
865,1142
866,9809
867,7943
868,1123
869,3997
870,8770
871,2075
872,1326
873,7599
874,3042
875,1035
876,4129
877,9332
878,6231
879,6885
880,9318
881,1167
882,321
883,1524
884,26
885,9766
886,9690
887,9312
888,3310
889,3295
890,1867
891,2844
892,9603
893,8438
894,6978
895,5009
896,9639
897,1088
898,4210
899,5629
900,4260
901,8374
902,9137
903,4486
904,6402
905,5872
906,4743
907,768
908,836
909,7133
910,2133
911,5336
912,9262
913,3124
914,5185
915,4602
916,3506
917,9370
918,7965
919,3596
920,1451
921,497
922,4633
923,7828
924,2130
925,5926
926,2471
927,2887
928,621
929,8032
930,1395
931,3040
932,5121
933,601
934,2624
935,944
936,2029
937,5835
938,5122
939,4153
940,5023
941,8922
942,8475
943,6176
944,1162
945,6530
946,3582
947,6479
948,3253
949,2375
950,1502
951,268
952,3122
953,614
954,4178
955,3763
956,3741
957,1309
958,2355
959,476
960,3401
961,1855
962,147
963,2803
964,5737
965,9092
966,214
967,8660
968,499
969,4240
970,2572
971,7671
972,4248
973,3811
974,8572
975,2529
976,2021
977,8456
978,6666
979,5600
980,2343
981,5992
982,9633
983,8245
984,6529
985,1126
986,9917
987,4507
988,6422
989,8861
990,7202
991,720
992,3479
993,4646
994,752
995,3168
996,8775
997,5672
998,439
999,2069
