Time,Value
0,8493
1,7560
2,4846
3,2375
4,1855
5,8376
6,5230
7,6957
8,6017
9,2463
10,4492
11,1737
12,7096
13,5615
14,4411
15,6089
16,3315
17,4138
18,5892
19,2227
20,3217
21,5376
22,8349
23,7450
24,9736
25,9340
26,2370
27,123
28,7827
29,3891
30,1344
31,5908
32,9454
33,5978
34,135
35,8395
36,2983
37,330
38,7168
39,2744
40,1643
41,7891
42,4888
43,7459
44,2711
45,7103
46,8302
47,3418
48,5582
49,4219
50,3168
51,9387
52,1367
53,1465
54,3267
55,3117
56,9210
57,7395
58,2639
59,2514
60,6005
61,5107
62,9130
63,2125
64,1118
65,8583
66,2282
67,1117
68,5479
69,6016
70,3105
71,2984
72,6970
73,3148
74,583
75,5325
76,488
77,890
78,4738
79,2632
80,1037
81,8952
82,4541
83,3607
84,723
85,1957
86,4541
87,7989
88,2710
89,7018
90,9184
91,5587
92,7691
93,4653
94,6738
95,6536
96,8761
97,2763
98,6340
99,4127
